34.189391	-117.3191417	499	47302.06	184256
34.1894029	-117.3191515	499	47315.88	184258
34.1894161	-117.3191564	499	47317.81	184300
34.189428	-117.3191629	500	47316.3	184302
34.189444	-117.3191698	500	47309.41	184304
34.1894627	-117.3191731	500	47303.6	184306
34.1894799	-117.3191772	500	47302.47	184308
34.1894994	-117.3191649	500	47302.49	184310
34.1895156	-117.3191573	500	47304.95	184312
34.1895312	-117.3191456	501	47306.27	184314
34.189548	-117.3191377	501	47308.09	184316
34.1895638	-117.3191236	501	47312.37	184318
34.1895748	-117.3191139	501	47310.93	184320
34.1895821	-117.3191077	502	47307.32	184322
34.1895939	-117.3190974	501	47308.35	184324
34.1896101	-117.319088	502	47308.75	184326
34.1896138	-117.3190757	502	47306.09	184328
34.1896201	-117.3190632	502	47296.48	184330
34.1896337	-117.3190658	502	47290.72	184332
34.189657	-117.3190629	502	47293	184334
34.189668	-117.3190425	502	47292.38	184336
34.1896765	-117.319026	502	47289.98	184338
34.1896889	-117.3190112	503	47289.04	184340
34.1897041	-117.3189874	503	47288.26	184342
34.1897138	-117.3189605	503	47285.95	184344
34.1897169	-117.3189401	503	47276.84	184346
34.1897218	-117.3189221	503	47279.39	184348
34.1897369	-117.3189114	503	47280.8	184350
34.1897438	-117.318896	503	47281.08	184352
34.1897509	-117.3188828	504	47281.96	184354
34.189768	-117.3188808	504	47283.98	184356
34.1897862	-117.3188691	504	47286.63	184358
34.189792	-117.3188494	504	47286.42	184400
34.1898052	-117.3188447	504	47287.38	184402
34.1898038	-117.3188487	504	47291.84	184404
34.1898111	-117.3188286	505	47290.81	184406
34.1898216	-117.3188274	505	47291.7	184408
34.1898321	-117.3188292	505	47291.13	184410
34.1898461	-117.3188258	505	47289.46	184412
34.1898619	-117.3188103	505	47287.12	184414
34.1898715	-117.3187896	506	47286.27	184416
34.1898859	-117.3187741	506	47287.96	184418
34.1899008	-117.3187581	506	47287.81	184420
34.1899231	-117.3187412	506	47290.93	184422
34.1899432	-117.3187329	507	47288.44	184424
34.1899612	-117.3187228	507	47288.89	184426
34.1899635	-117.31871	507	47283.97	184428
34.189977	-117.3186971	507	47286.92	184430
34.1899827	-117.3186848	507	47289.74	184432
34.1899754	-117.3186648	507	47289.09	184434
34.189987	-117.3186573	508	47294.68	184436
34.1900001	-117.318647	508	47292.98	184438
34.1900136	-117.3186386	508	47288.92	184440
34.1900286	-117.3186279	508	47296.89	184442
34.1900366	-117.3185974	508	47300.57	184444
34.1900535	-117.3185868	508	47301.5	184446
34.1900711	-117.3185842	509	47303.24	184448
34.1900767	-117.3185625	509	47299.71	184450
34.1900941	-117.3185588	509	47303.34	184452
34.1901051	-117.3185388	509	47300.6	184454
34.1901108	-117.3185266	509	47304.79	184456
34.190114	-117.3185153	508	47303.93	184458
34.1901207	-117.3185135	510	47308.26	184500
34.1901309	-117.3184957	510	47300.65	184502
34.1901482	-117.3184769	510	47315.2	184504
34.1901623	-117.318467	510	47317.4	184506
34.1901781	-117.3184531	510	47319.24	184508
34.1902003	-117.3184461	511	47322.95	184510
34.1902194	-117.3184447	511	47326.12	184512
34.1902394	-117.3184266	511	47329.32	184514
34.1902545	-117.3184022	512	47331.03	184516
34.1902699	-117.3183813	512	47332.92	184518
34.190289	-117.318361	512	47333.06	184520
34.190305	-117.3183446	513	47332.58	184522
34.1903206	-117.3183259	513	47333.94	184524
34.1903313	-117.3183128	513	47330.77	184526
34.1903429	-117.3182967	513	47329.64	184528
34.1903498	-117.3182744	513	47330.09	184530
34.1903643	-117.3182563	514	47334.18	184532
34.1903806	-117.3182423	514	47337.13	184534
34.1903988	-117.3182361	514	47340.56	184536
34.1904143	-117.3182255	514	47338.72	184538
34.1904243	-117.3182151	515	47336.71	184540
34.1904353	-117.3182028	514	47334.43	184542
34.1904405	-117.318192	515	47334.93	184544
34.190448	-117.3181729	514	47335.81	184546
34.1904572	-117.3181792	515	47345.08	184548
34.1904666	-117.318164	515	47344.88	184550
34.1904772	-117.3181527	515	47346.18	184552
34.1904892	-117.3181556	516	47348.65	184554
34.190497	-117.318145	516	47349.78	184556
34.1905001	-117.3181383	516	47348.45	184558
34.1905046	-117.3181371	515	47348.96	184600
34.1905048	-117.3181381	515	47350.02	184602
34.1905096	-117.3181305	516	47348.46	184604
34.1905302	-117.3181273	516	47353.62	184606
34.190544	-117.3181035	517	47355.84	184608
34.1905651	-117.318078	517	47358.43	184610
34.1905885	-117.318072	518	47361.73	184612
34.1906045	-117.3180584	518	47369.06	184614
34.190609	-117.3180346	518	47370.58	184616
34.1906027	-117.3180185	518	47368.43	184618
34.1906057	-117.3179852	518	47368.4	184620
34.1906208	-117.3179628	518	47381.2	184622
34.1906373	-117.3179364	519	47387.84	184624
34.1906625	-117.3179129	520	47397.95	184626
34.1906814	-117.3179055	520	47403.94	184628
34.1906931	-117.3178928	520	47404.92	184630
34.1907124	-117.3178861	520	47408.64	184632
34.1907251	-117.3178768	520	47410.92	184634
34.190736	-117.3178675	521	47414.01	184636
34.1907433	-117.3178529	521	47418.82	184638
34.1907549	-117.3178394	521	47421.11	184640
34.1907687	-117.317838	521	47425.19	184642
34.1907758	-117.3178206	521	47428.17	184644
34.1907836	-117.3178058	522	47429.97	184646
34.1907993	-117.3177959	522	47434.83	184648
34.1908082	-117.3177849	522	47437.44	184650
34.1908198	-117.3177753	522	47446.55	184652
34.1908295	-117.317767	522	47452.14	184654
34.1908367	-117.3177585	523	47456.07	184656
34.1908352	-117.3177496	523	47456.49	184658
34.1908345	-117.3177507	523	47455.93	184700
34.1908358	-117.3177522	523	47455.08	184702
34.1908361	-117.3177509	523	47455.42	184704
34.1908387	-117.3177556	523	47456.15	184706
34.1908323	-117.3177513	523	47454.83	184708
34.1908283	-117.3177431	522	47456.03	184710
34.1908247	-117.3177483	522	47454.2	184712
34.1908371	-117.3177535	523	47454.59	184714
34.1908339	-117.3177535	523	47455.98	184716
34.1908307	-117.3177547	522	47454.6	184718
34.1908361	-117.3177442	523	47455.13	184720
34.1908354	-117.3177534	523	47455.01	184722
34.1908355	-117.3177466	523	47455.21	184724
34.1908343	-117.3177503	523	47454.92	184726
34.1908351	-117.3177493	523	47455.11	184728
34.1908345	-117.3177479	522	47456.23	184730
34.1908362	-117.3177612	523	47452.72	184732
34.1908358	-117.317752	523	47454.25	184734
34.1908356	-117.3177546	523	47454.45	184736
34.1908339	-117.3177567	523	47453.97	184738
34.1908369	-117.3177609	523	47455.03	184740
34.1908379	-117.317761	523	47455.03	184742
34.1908391	-117.3177566	523	47455.34	184744
34.190838	-117.3177581	523	47454.87	184746
34.190839	-117.317759	523	47455.16	184748
34.1908396	-117.3177587	523	47455.22	184750
34.1908377	-117.3177585	523	47454.83	184752
34.1908395	-117.3177596	523	47455.17	184754
34.1908401	-117.3177595	523	47455.75	184756
34.1908389	-117.3177589	523	47455.03	184758
34.1908391	-117.3177593	523	47455.16	184800
34.1908395	-117.3177599	523	47455.24	184802
34.19084	-117.3177596	523	47454.99	184804
34.1908424	-117.3177629	523	47455.68	184806
34.1908395	-117.3177624	523	47454.66	184808
34.1908405	-117.3177628	523	47455.27	184810
34.1908403	-117.3177614	523	47455.03	184812
34.1908411	-117.3177623	523	47455.08	184814
34.1908399	-117.3177621	523	47455.22	184816
34.1908404	-117.3177629	523	47455.57	184818
34.1908396	-117.3177614	523	47454.99	184820
34.1908406	-117.3177617	523	47455.28	184822
34.1908405	-117.3177631	523	47455.37	184824
34.1908407	-117.3177623	523	47455.24	184826
34.1908415	-117.3177623	523	47455.27	184828
34.1908416	-117.3177625	523	47455.24	184830
34.190842	-117.3177629	523	47455.25	184832
34.1908422	-117.3177623	523	47455.28	184834
34.1908427	-117.3177633	523	47455.4	184836
34.1908425	-117.3177635	523	47455.34	184838
34.1908423	-117.3177632	523	47455.37	184840
34.1908421	-117.3177629	523	47455.22	184842
34.1908417	-117.3177644	523	47455.15	184844
34.1908424	-117.317764	523	47455.37	184846
34.1908419	-117.3177633	523	47455.1	184848
34.1908426	-117.3177644	523	47455.25	184850
34.1908428	-117.3177638	523	47455.18	184852
34.1908433	-117.3177644	523	47455.36	184854
34.1908433	-117.3177635	523	47455.69	184856
34.1908427	-117.3177637	522	47455.3	184858
34.1908444	-117.3177638	522	47455.87	184900
34.1908435	-117.3177643	522	47455.45	184902
34.1908422	-117.317765	522	47455.19	184904
34.1908433	-117.3177645	522	47455.69	184906
34.1908422	-117.3177641	522	47455.43	184908
34.1908417	-117.3177647	522	47455.36	184910
34.1908425	-117.3177645	522	47455.57	184912
34.1908425	-117.3177645	522	47455.49	184914
34.1908421	-117.3177609	522	47454.66	184916
34.1908479	-117.3177474	522	47457.11	184918
34.1908573	-117.3177249	522	47461.16	184920
34.1908741	-117.3177087	522	47469.44	184922
34.1909018	-117.3176916	523	47481.05	184924
34.1909179	-117.3176624	523	47486.96	184926
34.1909411	-117.3176439	524	47495.97	184928
34.1909632	-117.3176225	524	47502.74	184930
34.1909821	-117.3176064	524	47506.61	184932
34.1910008	-117.3175952	524	47510.73	184934
34.1910148	-117.3175807	524	47511.74	184936
34.1910268	-117.317577	524	47514.6	184938
34.1910324	-117.3175648	524	47510.49	184940
34.1910487	-117.3175476	524	47504.8	184942
34.1910641	-117.3175309	524	47469.28	184944
34.1910844	-117.3175367	524	47501.48	184946
34.1910918	-117.3175276	525	47500.2	184948
34.1911066	-117.3175177	525	47500.3	184950
34.1911251	-117.3175212	525	47505.34	184952
34.1911407	-117.3175156	525	47499.38	184954
34.1911516	-117.3174959	525	47481.5	184956
34.1911731	-117.317503	525	47460.46	184958
34.1911928	-117.3174939	525	47447.84	185000
34.1911978	-117.3174713	526	47447.92	185002
34.1911973	-117.3174452	526	47464.67	185004
34.1911953	-117.3174229	527	47470.81	185006
34.1912005	-117.3174012	527	47472.1	185008
34.1912029	-117.3173794	527	47471.47	185010
34.1912034	-117.3173575	527	47472.77	185012
34.1911982	-117.3173391	528	47473.5	185014
34.1911979	-117.3173184	527	47472.96	185016
34.1911982	-117.3172985	527	47469.07	185018
34.1912118	-117.3172883	528	47464	185020
34.1912217	-117.3172739	528	47458.93	185022
34.1912392	-117.3172667	528	47454.41	185024
34.1912404	-117.3172467	528	47447.88	185026
34.1912346	-117.3172286	528	47450.83	185028
34.1912445	-117.3172129	528	47445.38	185030
34.1912429	-117.3171934	529	47446.15	185032
34.1912348	-117.317173	529	47440.29	185034
34.1912429	-117.3171665	529	47434.21	185036
34.1912535	-117.3171419	529	47429.42	185038
34.1912516	-117.3171278	529	47425.22	185040
34.1912403	-117.3171088	529	47426.75	185042
34.1912363	-117.3170863	529	47423.39	185044
34.1912509	-117.3170696	529	47410.04	185046
34.1912548	-117.3170474	529	47404.57	185048
34.1912624	-117.3170313	530	47398.79	185050
34.1912644	-117.3170057	530	47389.92	185052
34.1912705	-117.3169826	530	47378.62	185054
34.1912824	-117.3169658	530	47367.03	185056
34.1912899	-117.3169463	531	47354.64	185058
34.1912912	-117.3169192	530	47344.42	185100
34.1912961	-117.3168904	530	47334.74	185102
34.1913097	-117.3168745	531	47326.4	185104
34.1913269	-117.3168667	531	47318.65	185106
34.1913403	-117.3168499	531	47311.92	185108
34.1913525	-117.3168381	531	47316.11	185110
34.1913636	-117.3168341	532	47325.95	185112
34.191369	-117.3168346	532	47331.72	185114
34.1913752	-117.3168224	532	47356.45	185116
34.1913894	-117.316814	532	47415.42	185118
34.1913969	-117.316798	532	47483.52	185120
34.1914126	-117.3167912	532	47709.28	185122
34.1914277	-117.3167777	532	48104.1	185124
34.1914331	-117.3167586	532	48435.61	185126
34.1914401	-117.3167334	532	48504.42	185128
34.191453	-117.3167258	532	48193.7	185130
34.1914647	-117.3167233	532	47535.97	185132
34.1914752	-117.3167143	533	47072.67	185134
34.1914695	-117.3166989	533	46909.73	185136
34.191463	-117.3166866	533	46823.11	185138
34.1914688	-117.3166777	533	46747.93	185140
34.1914784	-117.3166629	533	46748.75	185142
34.191486	-117.316652	533	46830.74	185144
34.1914925	-117.3166464	533	46894.74	185146
34.1915066	-117.3166453	534	46985.87	185148
34.1915132	-117.3166457	534	47019.77	185150
34.1915168	-117.3166271	534	47049.58	185152
34.1915176	-117.3166131	534	47065.57	185154
34.1915177	-117.3166105	534	47082.99	185156
34.1915279	-117.3166134	534	47104.18	185158
34.1915398	-117.316599	534	47136.71	185200
34.1915533	-117.3166105	534	47161.38	185202
34.1915643	-117.3166182	535	47175.56	185204
34.1915635	-117.3166029	535	47181.61	185206
34.1915659	-117.3165904	535	47183.22	185208
34.1915701	-117.3165975	535	47186.75	185210
34.1915679	-117.3166004	535	47184.24	185212
34.1915733	-117.3165979	535	47199.09	185214
34.1915831	-117.3165938	535	47213.7	185216
34.1915917	-117.3165853	535	47217.82	185218
34.1915933	-117.3165677	535	47223.63	185220
34.1916033	-117.316568	535	47233.06	185222
34.1915992	-117.316558	535	47227.12	185224
34.1916034	-117.3165605	535	47238	185226
34.1916036	-117.3165357	535	47239.99	185228
34.1916212	-117.3165421	536	47261.49	185230
34.1916381	-117.3165234	536	47272.93	185232
34.1916587	-117.3165356	537	47280.69	185234
34.1916756	-117.3165247	537	47279.39	185236
34.1916956	-117.3165063	537	47282.53	185238
34.191715	-117.3164988	537	47297.63	185240
34.191728	-117.3164851	537	47307.49	185242
34.1917382	-117.3164767	538	47315.42	185244
34.1917354	-117.3164614	538	47314.43	185246
34.1917401	-117.3164701	538	47314.51	185248
34.1917415	-117.3164917	538	47316.33	185250
34.191753	-117.3164908	538	47314.25	185252
34.1917567	-117.3164726	538	47313.92	185254
34.1917722	-117.3164797	538	47315.69	185256
34.1917695	-117.3164768	539	47313.46	185258
34.1917809	-117.3164645	539	47319.05	185300
34.1917786	-117.3164615	539	47323.46	185302
34.1917922	-117.3164622	539	47320.61	185304
34.1917931	-117.316469	539	47327.37	185306
34.1918108	-117.3164696	539	47331.39	185308
34.1918235	-117.3164686	539	47328.71	185310
34.191816	-117.3164761	539	47328.84	185312
34.1918123	-117.3164801	538	47328.1	185314
34.1918227	-117.3164757	539	47329.07	185316
34.1918256	-117.3164765	540	47332.74	185318
34.1918419	-117.316475	540	47333.45	185320
34.1918495	-117.3164791	540	47335.99	185322
34.1918607	-117.3164736	540	47335.96	185324
34.1918659	-117.3164684	540	47338.38	185326
34.1918681	-117.3164571	540	47338.05	185328
34.1918651	-117.3164605	540	47340.94	185330
34.1918767	-117.3164629	540	47334.97	185332
34.1918746	-117.3164561	540	47338.23	185334
34.1918805	-117.3164547	540	47338.64	185336
34.19189	-117.3164513	541	47337.38	185338
34.1918969	-117.3164563	541	47342.54	185340
34.1919106	-117.316452	541	47345.78	185342
34.1919169	-117.3164474	541	47345.3	185344
34.1919157	-117.3164381	541	47342.61	185346
34.1919286	-117.3164345	541	47344.65	185348
34.1919266	-117.3164293	541	47349.85	185350
34.1919322	-117.316428	541	47345.33	185352
34.191935	-117.3164337	542	47346.13	185354
34.191941	-117.3164357	542	47345.18	185356
34.1919494	-117.3164321	542	47345.45	185358
34.1919541	-117.3164315	542	47347.48	185400
34.1919562	-117.3164284	542	47346.36	185402
34.1919635	-117.3164439	542	47350.98	185404
34.1919726	-117.3164342	542	47349.6	185406
34.1919773	-117.3164268	542	47349.78	185408
34.1919806	-117.3164296	542	47353.85	185410
34.1919918	-117.3164174	542	47355.42	185412
34.1920023	-117.3164145	543	47357.33	185414
34.192006	-117.3164127	543	47360.05	185416
34.1920048	-117.3164045	543	47359.84	185418
34.192006	-117.316394	543	47362.29	185420
34.1920171	-117.3163789	543	47360.86	185422
34.192019	-117.3163872	543	47362.4	185424
34.1920306	-117.3163859	543	47360.84	185426
34.1920322	-117.3163808	543	47366.1	185428
34.1920324	-117.3163894	543	47366.76	185430
34.1920474	-117.3163857	543	47366.5	185432
34.1920536	-117.3163811	543	47367.44	185434
34.1920559	-117.3163784	543	47365.66	185436
34.1920636	-117.3163764	543	47368.71	185438
34.1920679	-117.3163672	543	47367.88	185440
34.1920696	-117.3163694	544	47368.79	185442
34.1920783	-117.3163765	544	47365.41	185444
34.1920871	-117.316376	544	47368.87	185446
34.1920882	-117.3163729	544	47369.94	185448
34.1920997	-117.3163763	544	47371.08	185450
34.1921072	-117.3163759	544	47369.66	185452
34.1921169	-117.3163749	544	47370.96	185454
34.1921119	-117.3163607	544	47372.98	185456
34.1921214	-117.3163566	544	47372.37	185458
34.1921285	-117.3163392	544	47374.46	185500
34.1921458	-117.3163393	544	47377.68	185502
34.1921554	-117.3163287	545	47379.81	185504
34.1921677	-117.3163335	545	47382.86	185506
34.1921779	-117.3163283	545	47381.88	185508
34.1921918	-117.3163297	545	47384.37	185510
34.1922075	-117.3163252	546	47387.71	185512
34.1922183	-117.3163201	546	47390.05	185514
34.1922308	-117.3163179	546	47395.13	185516
34.192241	-117.3163169	547	47398.71	185518
34.1922441	-117.3163126	547	47399.7	185520
34.1922537	-117.3163123	547	47403.17	185522
34.1922642	-117.3163093	547	47406.6	185524
34.192273	-117.3163017	547	47411.36	185526
34.1922854	-117.3162987	548	47409.02	185528
34.1922797	-117.3162997	548	47414.69	185530
34.1922946	-117.3162962	548	47413.92	185532
34.1923026	-117.3163016	549	47409.94	185534
34.1923166	-117.3163039	549	47408.07	185536
34.1923211	-117.3162946	549	47404.46	185538
34.1923324	-117.3162902	550	47400.9	185540
34.1923458	-117.3162898	550	47397.59	185542
34.1923631	-117.3162858	550	47399.17	185544
34.1923684	-117.3162715	550	47399.88	185546
34.1923698	-117.3162534	551	47398.59	185548
34.1923823	-117.3162599	551	47398.38	185550
34.1923801	-117.3162453	551	47394.05	185552
34.1923802	-117.3162566	551	47396.65	185554
34.1923775	-117.3162511	551	47398.2	185556
34.1923797	-117.3162549	551	47397.97	185558
34.1923798	-117.3162545	551	47398.3	185600
34.1923805	-117.3162546	551	47398.36	185602
34.1923809	-117.3162533	551	47399.57	185604
34.1923815	-117.3162534	551	47398.84	185606
34.1923815	-117.3162534	551	47398.26	185608
34.192381	-117.3162563	551	47398.44	185610
34.1923811	-117.3162553	551	47399.09	185612
34.1923807	-117.3162542	551	47398.67	185614
34.1923845	-117.3162533	551	47397.98	185616
34.1923827	-117.316253	551	47398.48	185618
34.1923827	-117.316253	551	47398.51	185620
34.1923827	-117.316253	551	47398.19	185622
34.1923827	-117.316253	551	47398.34	185624
34.1923824	-117.3162532	551	47398.03	185626
34.1923814	-117.3162532	551	47398.66	185628
34.1923814	-117.3162539	551	47398.57	185630
34.1923817	-117.3162548	551	47398.49	185632
34.1923817	-117.316254	551	47398.5	185634
34.1923815	-117.3162538	551	47398.75	185636
34.1923815	-117.3162539	551	47398.73	185638
34.1923814	-117.3162538	551	47398.6	185640
34.1923815	-117.316254	551	47398.94	185642
34.1923817	-117.316255	551	47398.73	185644
34.1923822	-117.3162529	551	47398.74	185646
34.1923821	-117.3162564	551	47398.5	185648
34.1923821	-117.3162564	551	47398.34	185650
34.1923821	-117.3162564	551	47398.64	185652
34.1923821	-117.3162564	551	47398.6	185654
34.1923821	-117.3162564	551	47398.33	185656
34.1923821	-117.3162564	551	47398.32	185658
34.1923821	-117.3162564	551	47398.35	185700
34.1923825	-117.3162557	551	47398.52	185702
34.1923825	-117.3162557	551	47398.27	185704
34.1923825	-117.3162558	551	47398.66	185706
34.1923833	-117.3162556	551	47398.51	185708
34.1923833	-117.3162556	551	47398.92	185710
34.1923833	-117.3162556	551	47398.47	185712
34.1923833	-117.3162556	551	47398.55	185714
34.1923833	-117.3162556	551	47398.45	185716
34.1923833	-117.3162556	551	47398.42	185718
34.1923833	-117.3162556	551	47398.68	185720
34.1923833	-117.3162556	551	47398.33	185722
34.1923833	-117.3162556	551	47398.43	185724
34.1923835	-117.316257	551	47398.14	185726
34.1923835	-117.316257	551	47398.04	185728
34.1923835	-117.316257	551	47398.04	185730
34.1923835	-117.316257	551	47398.13	185732
34.1923835	-117.316257	551	47397.9	185734
34.1923835	-117.316257	551	47397.96	185736
34.1923835	-117.316257	551	47398.15	185738
34.1923847	-117.316257	551	47398.61	185740
34.1923865	-117.3162574	551	47398.38	185742
34.1923869	-117.316258	551	47398.06	185744
34.192387	-117.3162584	551	47398.03	185746
34.192387	-117.3162584	551	47397.89	185748
34.192387	-117.3162584	551	47398.13	185750
34.192387	-117.3162584	551	47398.35	185752
34.192387	-117.3162584	551	47398.29	185754
34.192387	-117.3162584	551	47398.29	185756
34.192387	-117.3162583	551	47398.4	185758
34.1923888	-117.3162596	551	47398.29	185800
34.1923893	-117.3162608	551	47398.08	185802
34.1923871	-117.3162601	551	47398.53	185804
34.1923881	-117.3162608	551	47398.42	185806
34.1923893	-117.3162614	551	47397.63	185808
34.1923893	-117.3162614	551	47398.09	185810
34.1923893	-117.3162614	551	47398.37	185812
34.1923893	-117.3162614	551	47398.57	185814
34.1923893	-117.3162614	551	47398.49	185816
34.1923893	-117.3162614	551	47398.71	185818
34.1923893	-117.3162614	551	47398.79	185820
34.1923893	-117.3162614	551	47398.25	185822
34.1923893	-117.3162614	551	47398.5	185824
34.1923893	-117.3162614	551	47398.37	185826
34.1923893	-117.3162614	551	47398.64	185828
34.192389	-117.3162647	551	47401.4	185830
34.1924057	-117.3162591	551	47399.78	185832
34.1924023	-117.3162533	551	47396.28	185834
34.1924023	-117.3162533	551	47395.49	185836
34.1924021	-117.3162534	551	47399.07	185838
34.1923969	-117.3162519	551	47392.33	185840
34.1924138	-117.3162546	551	47390.01	185842
34.1924276	-117.3162461	552	47387.61	185844
34.1924409	-117.3162408	552	47382.76	185846
34.1924502	-117.3162229	552	47376.89	185848
34.1924595	-117.3161969	552	47367.44	185850
34.1924742	-117.3161899	552	47360.86	185852
34.1924818	-117.3161676	552	47354.39	185854
34.1924916	-117.3161557	552	47346.25	185856
34.1925025	-117.3161538	552	47349.53	185858
34.1925136	-117.3161288	552	47349.28	185900
34.1925281	-117.316123	553	47354.04	185902
34.1925461	-117.3161244	553	47358.46	185904
34.1925601	-117.3161232	553	47364.76	185906
34.1925702	-117.3161138	553	47371.56	185908
34.1925792	-117.3160968	553	47376.48	185910
34.1925926	-117.316095	553	47383.24	185912
34.1926098	-117.3160848	553	47386.02	185914
34.1926242	-117.3160726	554	47390.41	185916
34.1926377	-117.3160622	554	47396.72	185918
34.192646	-117.3160476	554	47408.44	185920
34.1926454	-117.3160317	554	47409.95	185922
34.1926602	-117.3160237	554	47424.08	185924
34.192672	-117.316008	554	47434.56	185926
34.1926658	-117.315991	554	47426.43	185928
34.1926736	-117.3159879	555	47432.08	185930
34.192676	-117.3159689	555	47436.78	185932
34.1926752	-117.3159548	555	47437.44	185934
34.1926848	-117.3159601	555	47441.77	185936
34.1926937	-117.315945	556	47444.48	185938
34.1927065	-117.3159472	555	47445.34	185940
34.1927176	-117.3159435	556	47447.54	185942
34.1927128	-117.3159234	556	47445.74	185944
34.1927295	-117.3159261	556	47448.94	185946
34.192725	-117.3159182	556	47448.13	185948
34.1927292	-117.3159041	556	47442.2	185950
34.1927379	-117.315903	556	47439.94	185952
34.192748	-117.3159062	556	47435.32	185954
34.1927642	-117.3159115	556	47431.02	185956
34.1927631	-117.3159124	556	47435.37	185958
34.1927634	-117.3159038	556	47432.3	190000
34.1927633	-117.3159064	556	47433.11	190002
34.1927642	-117.315907	556	47433.64	190004
34.1927623	-117.3159085	556	47433.07	190006
34.1927509	-117.3158972	556	47432.39	190008
34.1927532	-117.3158949	556	47436.16	190010
34.192755	-117.3158873	556	47435.05	190012
34.1927546	-117.3158848	556	47434.42	190014
34.192755	-117.315887	556	47434.46	190016
34.1927544	-117.3158886	556	47434.11	190018
34.1927563	-117.3158841	556	47433.8	190020
34.1927505	-117.3158783	556	47436.66	190022
34.1927458	-117.315868	557	47439.12	190024
34.1927455	-117.3158635	557	47438.17	190026
34.192746	-117.3158633	557	47438.98	190028
34.1927466	-117.3158599	557	47438.51	190030
34.1927466	-117.3158611	557	47438.99	190032
34.1927455	-117.3158594	557	47438.47	190034
34.1927475	-117.3158622	557	47438.32	190036
34.1927467	-117.315862	557	47438.84	190038
34.1927467	-117.315862	557	47438.23	190040
34.19275	-117.3158605	556	47438.46	190042
34.192749	-117.3158601	556	47438.37	190044
34.192749	-117.3158601	556	47438.89	190046
34.1927479	-117.3158613	556	47438.25	190048
34.1927465	-117.3158597	556	47439.73	190050
34.1927467	-117.3158581	556	47439.25	190052
34.1927467	-117.3158581	556	47439.18	190054
34.1927467	-117.3158581	556	47439.11	190056
34.1927467	-117.3158581	556	47438.77	190058
34.1927467	-117.3158581	556	47439.64	190100
34.1927452	-117.3158598	556	47439.47	190102
34.1927437	-117.3158596	556	47441.09	190104
34.1927486	-117.3158604	556	47438.62	190106
34.1927476	-117.3158599	556	47439.47	190108
34.1927464	-117.3158605	556	47440.26	190110
34.1927474	-117.3158623	556	47439.06	190112
34.192746	-117.3158608	556	47439.17	190114
34.192746	-117.3158608	556	47439.11	190116
34.1927459	-117.3158607	556	47439.78	190118
34.1927479	-117.3158617	556	47438.98	190120
34.192747	-117.3158616	556	47439.44	190122
34.1927471	-117.3158621	556	47439.37	190124
34.1927473	-117.315861	556	47439.79	190126
34.1927476	-117.3158614	556	47439.69	190128
34.192747	-117.3158607	556	47440.02	190130
34.1927466	-117.3158612	556	47440.17	190132
34.1927468	-117.3158609	556	47439.58	190134
34.1927468	-117.3158609	556	47439.87	190136
34.1927468	-117.3158609	556	47439.62	190138
34.1927468	-117.3158609	556	47439.52	190140
34.1927469	-117.3158611	556	47439.53	190142
34.1927464	-117.3158594	556	47439.77	190144
34.1927477	-117.3158599	556	47439.45	190146
34.1927477	-117.3158599	556	47439.92	190148
34.1927477	-117.3158599	556	47439.67	190150
34.1927477	-117.3158599	556	47439.53	190152
34.1927477	-117.3158599	556	47439.75	190154
34.1927477	-117.3158594	556	47440.21	190156
34.1927554	-117.3158624	556	47438.93	190158
34.1927519	-117.3158568	556	47436.33	190200
34.1927603	-117.3158546	556	47435.66	190202
34.1927656	-117.3158527	555	47433.89	190204
34.1927656	-117.3158556	555	47435.03	190206
34.1927653	-117.3158557	555	47435.36	190208
34.1927559	-117.3158598	556	47434.75	190210
34.1927455	-117.3158581	556	47438.69	190212
34.1927507	-117.3158612	556	47437.98	190214
34.1927499	-117.3158609	556	47438.18	190216
34.1927496	-117.3158599	556	47438.03	190218
34.1927517	-117.315858	556	47437.68	190220
34.1927554	-117.3158631	556	47435.8	190222
34.1927572	-117.3158685	556	47434.79	190224
34.1927612	-117.3158693	556	47433.81	190226
34.1927615	-117.315868	556	47433.82	190228
34.192762	-117.3158675	556	47433.99	190230
34.1927605	-117.3158707	556	47434.34	190232
34.1927607	-117.3158708	556	47433.87	190234
34.1927596	-117.3158679	556	47433.74	190236
34.1927491	-117.3158597	556	47441.58	190238
34.1927456	-117.3158683	555	47438.53	190240
34.1927521	-117.3158601	556	47439.21	190242
34.1927604	-117.315857	556	47436.49	190244
34.1927543	-117.3158574	556	47437.65	190246
34.1927555	-117.3158593	556	47437.78	190248
34.1927501	-117.3158555	556	47438.57	190250
34.1927529	-117.3158597	556	47437.97	190252
34.1927489	-117.3158563	556	47439.2	190254
34.1927504	-117.3158587	556	47438.44	190256
34.1927493	-117.3158548	556	47441.08	190258
34.1927386	-117.3158598	555	47443.11	190300
34.1927575	-117.3158626	556	47437.59	190302
34.192763	-117.3158599	556	47434.87	190304
34.1927596	-117.3158595	556	47434.68	190306
34.1927579	-117.3158634	556	47434.29	190308
34.1927604	-117.31587	556	47434.87	190310
34.192761	-117.3158686	556	47432.56	190312
34.19276	-117.3158632	556	47434.78	190314
34.1927604	-117.3158621	556	47434.38	190316
34.1927602	-117.3158618	556	47434.59	190318
34.19276	-117.3158624	556	47434.77	190320
34.19276	-117.3158624	556	47435.22	190322
34.1927617	-117.3158606	556	47434.79	190324
34.1927596	-117.3158582	556	47434.98	190326
34.1927652	-117.3158729	556	47432.86	190328
34.1927787	-117.3158998	556	47431.13	190330
34.1927879	-117.3159313	556	47432.39	190332
34.192796	-117.3159661	556	47433.44	190334
34.1928077	-117.315993	555	47427.57	190336
34.1928189	-117.3160211	555	47423.21	190338
34.1928279	-117.3160461	555	47419.85	190340
34.192841	-117.3160714	555	47415.81	190342
34.1928625	-117.3160812	555	47411.76	190344
34.1928849	-117.3160776	555	47414.38	190346
34.1929076	-117.3160755	556	47417.36	190348
34.1929297	-117.3160698	556	47420.89	190350
34.1929481	-117.3160684	556	47423.81	190352
34.1929652	-117.3160602	556	47424.21	190354
34.1929846	-117.3160586	556	47428.25	190356
34.1930029	-117.3160562	557	47429.3	190358
34.1930213	-117.3160514	557	47432.01	190400
34.1930424	-117.3160452	557	47435.56	190402
34.1930623	-117.3160385	557	47438.18	190404
34.1930804	-117.3160286	557	47439.62	190406
34.1930954	-117.3160167	558	47438.28	190408
34.193114	-117.316002	558	47437.93	190410
34.1931281	-117.3159978	558	47443.47	190412
34.1931473	-117.3159748	558	47445.52	190414
34.1931581	-117.315954	559	47445.89	190416
34.1931713	-117.3159278	559	47449.73	190418
34.1931897	-117.3159093	559	47456.97	190420
34.1932064	-117.3158918	560	47459.56	190422
34.1932227	-117.3158721	560	47460.48	190424
34.1932298	-117.3158576	560	47456.36	190426
34.1932343	-117.3158552	560	47454.87	190428
34.1932352	-117.3158547	560	47454.91	190430
34.1932332	-117.3158561	560	47459.66	190432
34.193232	-117.3158503	560	47457.33	190434
34.1932322	-117.3158508	560	47457.36	190436
34.1932348	-117.31585	560	47454.13	190438
34.1932501	-117.3158506	560	47446.83	190440
34.1932705	-117.3158551	560	47440.29	190442
34.193288	-117.3158633	561	47435.09	190444
34.193303	-117.3158696	561	47430.41	190446
34.1933223	-117.3158799	561	47420.99	190448
34.1933423	-117.3158837	561	47418.18	190450
34.1933536	-117.3158749	561	47417.31	190452
34.1933636	-117.3158692	561	47415.68	190454
34.193381	-117.3158608	561	47413.81	190456
34.1933847	-117.3158558	562	47413.74	190458
34.193379	-117.3158593	562	47415.31	190500
34.1933783	-117.3158572	562	47410.99	190502
34.1933737	-117.3158633	562	47413.99	190504
34.1933893	-117.3158605	561	47411.76	190506
34.1934003	-117.3158558	561	47410.62	190508
34.1934073	-117.3158476	561	47409.57	190510
34.1934133	-117.3158476	561	47411.2	190512
34.1934154	-117.3158381	561	47407.42	190514
34.1934257	-117.3158367	562	47406.06	190516
34.1934393	-117.3158411	562	47405.69	190518
34.1934593	-117.3158475	562	47408.34	190520
34.1934771	-117.3158492	563	47408.22	190522
34.1915	-117.3131886	555	47454.93	195644
34.1914935	-117.3131969	555	47452.08	195646
34.1914857	-117.3132109	554	47448.7	195648
34.1914799	-117.3132241	554	47449.07	195650
34.1914758	-117.3132334	554	47447.21	195652
34.1914695	-117.3132441	553	47447.54	195654
34.1914641	-117.3132575	553	47451.9	195656
34.1914539	-117.3132641	552	47450.42	195658
34.1914504	-117.3132822	552	47457.56	195700
34.1914368	-117.3132902	552	47462.68	195702
34.1914287	-117.3133068	551	47466.89	195704
34.1914153	-117.3133134	551	47473.58	195706
34.1914018	-117.3133111	551	47476.36	195708
34.1913836	-117.3133344	550	47467.6	195710
34.1913684	-117.3133532	549	47459.65	195712
34.1913572	-117.3133675	549	47455.65	195714
34.1913492	-117.3133737	548	47450.13	195716
34.1913394	-117.3133799	548	47443.5	195718
34.1913268	-117.3134065	547	47425.26	195720
34.1913191	-117.3134195	547	47420.92	195722
34.1913082	-117.3134254	547	47408.6	195724
34.1913043	-117.3134312	546	47401.04	195726
34.1912861	-117.3134492	546	47379.5	195728
34.191273	-117.3134571	545	47366.95	195730
34.1912619	-117.313461	544	47350.57	195732
34.1912592	-117.3134757	544	47331.12	195734
34.191242	-117.3134863	544	47326.65	195736
34.1912284	-117.3134962	544	47332.27	195738
34.1912194	-117.313506	543	47328.56	195740
34.191212	-117.313519	543	47321.82	195742
34.1911978	-117.3135267	542	47320.52	195744
34.1911841	-117.3135384	542	47317.38	195746
34.19117	-117.3135479	542	47311.15	195748
34.1911553	-117.3135622	541	47302.51	195750
34.1911416	-117.3135742	541	47300.1	195752
34.1911275	-117.3135921	541	47312.22	195754
34.1911157	-117.3136106	540	47297.99	195756
34.1911015	-117.3136271	540	47290.45	195758
34.1910957	-117.3136431	540	47283.11	195800
34.1910862	-117.3136523	540	47280.56	195802
34.1910755	-117.3136696	540	47282.07	195804
34.191068	-117.3136923	539	47292.76	195806
34.1910535	-117.3136976	539	47286.23	195808
34.1910414	-117.3137196	539	47281.67	195810
34.1910346	-117.3137387	539	47292.85	195812
34.1910281	-117.3137494	539	47300.63	195814
34.1910153	-117.3137631	538	47292.07	195816
34.1909949	-117.3137831	538	47274.72	195818
34.1909759	-117.3138002	538	47262.92	195820
34.1909601	-117.3138122	538	47252.79	195822
34.1909383	-117.3138287	538	47242.39	195824
34.1909197	-117.3138451	537	47229.7	195826
34.1908987	-117.3138624	537	47275.67	195828
34.1908805	-117.3138779	537	47275.01	195830
34.1908592	-117.3138972	537	47256.93	195832
34.1908416	-117.3139135	537	47244.16	195834
34.190827	-117.3139289	537	47251.24	195836
34.19081	-117.3139482	536	47236.07	195838
34.190792	-117.3139623	536	47228.67	195840
34.19078	-117.3139773	536	47224.37	195842
34.1907586	-117.3139902	536	47222.28	195844
34.1907436	-117.3140083	536	47218.16	195846
34.1907288	-117.3140252	536	47222.79	195848
34.1907112	-117.3140384	536	47220.42	195850
34.1906936	-117.3140486	536	47215.38	195852
34.1906748	-117.3140638	536	47210.79	195854
34.1906615	-117.3140832	535	47218.14	195856
34.1906485	-117.3141035	535	47222.54	195858
34.190632	-117.3141194	535	47220	195900
34.1906215	-117.3141395	535	47211.49	195902
34.1906054	-117.3141563	535	47196.48	195904
34.1905898	-117.314176	535	47182.97	195906
34.1905764	-117.3141947	534	47166.86	195908
34.1905633	-117.3142097	534	47146.97	195910
34.1905449	-117.3142159	534	47107.58	195912
34.1905318	-117.3142346	534	47061.12	195914
34.1905153	-117.3142439	534	47009.58	195916
34.1905105	-117.3142622	533	46983.84	195918
34.1905291	-117.314264	533	47046.49	195920
34.1905307	-117.3142757	534	47032.06	195922
34.1905295	-117.3142821	534	47030.52	195924
34.1905247	-117.3142807	533	47006.14	195926
34.1905139	-117.3142988	533	46894.4	195928
34.1904941	-117.3143082	533	46750.37	195930
34.1904762	-117.3143181	533	46632.16	195932
34.1904562	-117.3143251	533	46837.4	195934
34.1904427	-117.314321	533	47311.78	195936
34.1904302	-117.314335	533	48013.13	195938
34.1904176	-117.3143437	533	48533.32	195940
34.1904015	-117.3143475	532	48242.1	195942
34.1903921	-117.3143519	532	48038.49	195944
34.1903921	-117.314351	532	48047.78	195946
34.190391	-117.3143522	532	47929.55	195948
34.1903773	-117.3143617	532	47626.36	195950
34.1903709	-117.3143691	532	47503.25	195952
34.1903621	-117.314371	532	47410.29	195954
34.1903567	-117.3143859	532	47331.37	195956
34.1903495	-117.3143909	532	47301.91	195958
34.1903339	-117.3143992	532	47261.75	200000
34.1903238	-117.314411	531	47244.91	200002
34.1903095	-117.3144123	531	47239.43	200004
34.1903016	-117.3144181	531	47235.82	200006
34.1902919	-117.3144039	531	47248.62	200008
34.1902762	-117.3143966	531	47264.06	200010
34.1902606	-117.314396	531	47279.84	200012
34.190235	-117.3143984	530	47298.47	200014
34.1902238	-117.3144261	530	47312.11	200016
34.1902158	-117.3144425	530	47336.97	200018
34.1902042	-117.3144675	530	47382.05	200020
34.1901959	-117.3144893	530	47418.69	200022
34.1901836	-117.3145097	529	47459.32	200024
34.1901691	-117.3145348	529	47486.43	200026
34.1901573	-117.3145565	529	47495.74	200028
34.1901371	-117.3145758	528	47505.98	200030
34.1901208	-117.3145867	528	47515.05	200032
34.1901	-117.314595	528	47518.6	200034
34.1901009	-117.3146005	528	47514.04	200036
34.1900998	-117.314607	528	47512.58	200038
34.1900981	-117.314604	528	47513.91	200040
34.1900944	-117.314603	528	47515.64	200042
34.1900771	-117.3146086	528	47500.27	200044
34.1900514	-117.3146209	527	47466.83	200046
34.1900291	-117.3146269	527	47440.38	200048
34.1900114	-117.3146254	526	47428.76	200050
34.1899999	-117.3146314	526	47435.75	200052
34.1899872	-117.3146463	526	47425.39	200054
34.1899762	-117.3146534	526	47414.12	200056
34.1899592	-117.3146531	526	47398.03	200058
34.1899375	-117.3146438	525	47375.25	200100
34.1899193	-117.3146453	525	47362.56	200102
34.1898944	-117.3146544	524	47353.87	200104
34.1898753	-117.3146635	524	47347.57	200106
34.1898592	-117.3146719	524	47344.26	200108
34.1898442	-117.3146824	524	47339.26	200110
34.1898291	-117.3146969	524	47339.4	200112
34.1898108	-117.3147042	524	47342.24	200114
34.1897929	-117.3147162	523	47332.44	200116
34.1897797	-117.3147318	523	47319.88	200118
34.1897608	-117.3147369	523	47330.74	200120
34.1897492	-117.3147523	523	47334.14	200122
34.1897423	-117.3147764	523	47330.84	200124
34.1897253	-117.3147932	523	47330.89	200126
34.1897162	-117.3148114	522	47332.13	200128
34.1897017	-117.3148292	522	47325.63	200130
34.1896988	-117.3148238	522	47329.09	200132
34.1896832	-117.3148342	522	47329.14	200134
34.1896791	-117.3148371	522	47325.35	200136
34.1896731	-117.3148465	522	47325.03	200138
34.1896675	-117.3148595	522	47320.07	200140
34.189674	-117.3148628	522	47319.25	200142
34.1896757	-117.3148726	522	47317.78	200144
34.1896749	-117.3148815	522	47319.57	200146
34.1896587	-117.3148889	522	47320.74	200148
34.1896507	-117.3148913	522	47321.56	200150
34.1896414	-117.3148914	522	47322.25	200152
34.1896322	-117.314889	521	47322.3	200154
34.189629	-117.3149012	521	47323.11	200156
34.1896162	-117.3148967	521	47325.51	200158
34.1896038	-117.3148875	521	47326.59	200200
34.1895938	-117.3148892	521	47328.97	200202
34.1895838	-117.314901	521	47330.85	200204
34.189579	-117.314903	521	47329.27	200206
34.1895721	-117.3149022	521	47332.74	200208
34.1895734	-117.314914	521	47331.36	200210
34.1895785	-117.3149131	521	47331.36	200212
34.1895662	-117.3149176	521	47332.85	200214
34.1895718	-117.3149271	521	47331.22	200216
34.189572	-117.3149353	521	47331.83	200218
34.1895794	-117.3149394	521	47330.63	200220
34.1895771	-117.3149481	521	47333.39	200222
34.1895816	-117.3149437	521	47332.18	200224
34.1895836	-117.3149521	521	47329.67	200226
34.1895933	-117.3149494	521	47328.57	200228
34.1895901	-117.3149528	521	47329.15	200230
34.1895874	-117.3149577	521	47329.32	200232
34.189591	-117.3149645	521	47328.17	200234
34.189585	-117.3149871	521	47326.93	200236
34.1895655	-117.3150032	520	47329.18	200238
34.1895479	-117.3150215	520	47337.53	200240
34.1895424	-117.3150456	520	47335.79	200242
34.1895342	-117.3150549	519	47326.14	200244
34.1895158	-117.3150705	519	47317.76	200246
34.1894991	-117.3150792	519	47316.85	200248
34.1894878	-117.315083	519	47317.6	200250
34.1894797	-117.315079	519	47315.35	200252
34.1894686	-117.3150771	519	47315.42	200254
34.1894564	-117.3150636	519	47314.53	200256
34.189443	-117.3150503	519	47319.78	200258
34.1894242	-117.3150527	519	47321.38	200300
34.1894087	-117.3150446	519	47322.44	200302
34.1893958	-117.3150565	519	47321.38	200304
34.1893825	-117.3150695	518	47317.18	200306
34.1893707	-117.3150934	518	47320.25	200308
34.1893597	-117.3151074	518	47315.94	200310
34.1893359	-117.315115	517	47298.93	200312
34.1893192	-117.3151295	517	47298.68	200314
34.1893117	-117.3151402	517	47298.7	200316
34.1893245	-117.31516	517	47280.54	200318
34.1893307	-117.3151803	517	47276.5	200320
34.1893159	-117.3151906	517	47324.77	200322
34.1893069	-117.315203	517	47358.95	200324
34.1893147	-117.3152291	517	47357.57	200326
34.1893045	-117.3152405	517	47345.82	200328
34.1892975	-117.3152557	517	47335.88	200330
34.1892997	-117.3152656	517	47334.15	200332
34.1893033	-117.3152677	517	47330.34	200334
34.1892993	-117.3152781	517	47325.44	200336
34.1892995	-117.3152882	517	47320.17	200338
34.1892906	-117.3153052	516	47316.1	200340
34.1892751	-117.3153105	516	47314.81	200342
34.189247	-117.3153222	515	47326.6	200344
34.1891871	-117.3153601	504	47315.27	200346
34.1892473	-117.3153238	515	47309.06	200348
34.1892384	-117.3153281	515	47307.38	200350
34.1892431	-117.3153342	515	47306.99	200352
34.1892343	-117.3153431	515	47305.18	200354
34.1892205	-117.3153575	515	47301.57	200356
34.1892138	-117.3153702	515	47299.5	200358
34.1892067	-117.3153933	515	47295.95	200400
34.1891932	-117.3154084	515	47293.67	200402
34.1891838	-117.3154174	515	47294.51	200404
34.1891692	-117.3154098	514	47294.98	200406
34.1891655	-117.3154076	515	47301	200408
34.1891567	-117.3154233	515	47310.13	200410
34.1891517	-117.3154322	515	47307.66	200412
34.1891388	-117.3154264	515	47299.95	200414
34.1891393	-117.3154154	515	47292.87	200416
34.1891296	-117.3154176	515	47276.52	200418
34.1891217	-117.3154175	514	47235.44	200420
34.1891123	-117.3154161	514	47193.75	200422
34.1891005	-117.3154167	514	47177.49	200424
34.189089	-117.3154185	514	47262.05	200426
34.1890557	-117.3154154	513	47340	200428
34.1890417	-117.3154174	513	47252.06	200430
34.1890352	-117.3154189	514	47250.72	200432
34.1890279	-117.3154215	514	47269.35	200434
34.1890128	-117.3154274	514	47285.88	200436
34.189001	-117.3154311	515	47294.71	200438
34.1889912	-117.3154422	515	47299.35	200440
34.1889955	-117.3154475	515	47295.31	200442
34.1889927	-117.3154485	515	47297.11	200444
34.1889957	-117.315446	515	47296.38	200446
34.1889947	-117.3154474	515	47295.34	200448
34.1889927	-117.3154463	515	47295.95	200450
34.1889904	-117.3154466	515	47295.79	200452
34.1889896	-117.3154395	515	47296.9	200454
34.1889913	-117.3154435	515	47298.11	200456
34.1889918	-117.3154433	515	47296.87	200458
34.1889913	-117.3154446	515	47297.54	200500
34.1889925	-117.3154425	515	47296.85	200502
34.1889912	-117.3154429	515	47297.4	200504
